pose:
  pose:
    position:
      x: -0.19383013248443598
      y: -0.6911723613739013
      z: 0.35317087173461914
    orientation:
      x: -0.008604550888960411
      y: -0.0065226828380931185
      z: 0.07374876072043086
      w: 0.9972183996521492



  pose:
    position:
      x: 0.6243945360183717
      y: 0.39775049686431896
      z: 0.36067938804626465
    orientation:
      x: -0.012221243084165173
      y: -0.0055120665842383326
      z: 0.08139589330115318
      w: 0.9965916751072909